4
2
5
7
ON
Connections:
1:23
2:14
3:14
4:23
33
A NC 1 101 1 1 3
A NC 1 102 1 2 3
A PT 1 201 1 1 4
A EV 1 301 1 2 2 5
A FV 1 401 2 1 5
A NC 2 103 2 1 3
A PT 2 202 3 1 4
A FV 2 402 4 1 5
A NC 3 104 1 1 3
A NC 3 105 1 2 3
A PT 3 203 2 2 4
A EV 3 302 3 2 2 4
ACC 4 1 1 5
A NC 4 106 2 1 3
A NC 4 107 4 1 3
A PT 4 204 3 1 4
A EV 4 303 1 2 2 5
A FV 4 403 2 2 5
P 6 201
X 8 101
A NC 7 108 4 1 3
A PT 7 205 1 1 4
A EV 7 304 3 2 2 4
A FV 7 404 4 2 5
A NC 8 109 2 1 3
A PT 8 206 3 1 4
A EV 8 305 4 2 2 5
RC 10 3 3
A NC 11 110 1 1 3
A PT 11 207 2 2 4
P 9 203
X 17 104
RC 15 1 5